FEMENINO = 12486.757896
MASCULINO = 13075.104454
TIEMPO = 21120.972890 segundos
